# Created by Octave 5.1.0, Sat Jul 06 17:39:17 2019 BST <Alex@Alexs-MacBook-Pro-4.local>
# name: data
# type: matrix
# rows: 1
# columns: 10
 0.91027720881550822 0.28994962404371832 0.80792395871808176 0.92346662570870142 0.80170844745992531 0.88368033533682866 0.66139338649232982 0.69486865565793954 0.74582522103255344 0.91402804638223989


